         0.0000         0.8539         0.5000         0.0000
         1.0000         1.3973         0.5000         0.0000
         2.0000         1.8630         0.5000         0.0000
         3.0000         2.4840         0.5000         0.0000
         4.0000         3.1050         0.5000         0.0000
         5.0000         3.5708         0.5000         0.0000
         6.0000         4.0365         0.5000         0.0000
         7.0000         4.5023         0.5000         0.0000
         8.0000         5.0457         0.5000         0.0000
         9.0000         5.4338         0.5000         0.0000
        10.0000         5.8219         0.5000         0.0000
        11.0000         6.2100         0.5000         0.0000
        12.0000         6.5982         0.5000         0.0000
        13.0000         6.9087         0.5000         0.0000
        14.0000         7.2192         0.5000         0.0000
        15.0000         7.6073         0.5000         0.0388
        16.0000         7.9178         0.5000         0.0776
        17.0000         8.1507         0.5000         0.0776
        18.0000         8.4612         0.5000         0.0776
        19.0000         8.6941         0.5000         0.2329
        20.0000         9.0046         0.5000         0.3105
        21.0000         9.7032         0.5000         0.3105
        22.0000         9.7032         0.5000         0.3881
        23.0000        11.6438         0.5000         0.7763
        24.0000         9.2374         0.5000         0.6986
        25.0000         8.0731         0.5000         1.5525
        26.0000        11.6438         0.5000         2.4064
        27.0000        11.7215         0.5000         1.2420
        28.0000        10.6347         0.5000         1.7854
        29.0000        14.9817         0.5000         2.6393
